0.01 -17.9996
0.02 -18.0036
0.03 -18.008
0.04 -18.0146
0.05 -18.0228
0.06 -18.0331
0.07 -18.0453
0.08 -18.0593
0.09 -18.0756
0.1 -18.0937
0.11 -18.1139
0.12 -18.1364
0.13 -18.1614
0.14 -18.1879
0.15 -18.2184
0.16 -18.2486
0.17 -18.2826
0.18 -18.3199
0.19 -18.3588
0.2 -18.4023
0.21 -18.4479
0.22 -18.4957
0.23 -18.5485
0.24 -18.6024
0.25 -18.6617
0.26 -18.7241
0.27 -18.7916
0.28 -18.8607
0.29 -18.9358
0.3 -19.0163
0.31 -19.1007
0.32 -19.1899
0.33 -19.2844
0.34 -19.3848
0.35 -19.4867
0.36 -19.5989
0.37 -19.7132
0.38 -19.832
0.39 -19.9598
0.4 -20.0875
0.41 -20.2247
0.42 -20.3614
0.43 -20.5076
0.44 -20.6598
0.45 -20.8154
0.46 -20.9751
0.47 -21.1314
0.48 -21.3007
0.49 -21.4652
0.5 -21.6367
0.51 -21.817
0.52 -21.99
0.53 -22.1773
0.54 -22.358
0.55 -22.5446
0.56 -22.7341
0.57 -22.9239
0.58 -23.121
0.59 -23.3149
0.6 -23.511
