-1.800090326229055648e+01 -1.800090007876567810e+01 -1.800090007874216269e+01 -1.800089689526620162e+01 -1.407233671770839578e+01 -1.407231676483067773e+01 -1.405492881584889808e+01 -1.405491133302116680e+01
-1.800362676662403061e+01 -1.800360126097596591e+01 -1.800360125946246370e+01 -1.800357575684277478e+01 -1.414688408673766773e+01 -1.414679992986297563e+01 -1.411162832459301519e+01 -1.411155569289141987e+01
-1.800819268482932856e+01 -1.800810638987314505e+01 -1.800810637260680380e+01 -1.800802011215354881e+01 -1.422364099252196468e+01 -1.422344117713323186e+01 -1.417009027524555620e+01 -1.416992053910539795e+01
-1.801462549150802417e+01 -1.801442022259988462e+01 -1.801442012540080029e+01 -1.801421505057649242e+01 -1.430260599993479076e+01 -1.430223084767771269e+01 -1.423030740160378826e+01 -1.422999397875476291e+01
-1.802295220283065547e+01 -1.802254945808071795e+01 -1.802254908637087993e+01 -1.802214708314112457e+01 -1.438377711785902768e+01 -1.438315755692635989e+01 -1.429227341241807991e+01 -1.429176473205478715e+01
-1.803320264090573488e+01 -1.803250277658677803e+01 -1.803250166328415460e+01 -1.803180401730370974e+01 -1.446715154740618381e+01 -1.446620777282771009e+01 -1.435598298702350739e+01 -1.435522210164108614e+01
-1.804540972613301264e+01 -1.804429089156769450e+01 -1.804428807414517522e+01 -1.804317484565170204e+01 -1.455272541362964489e+01 -1.455136535436664147e+01 -1.442143177628457096e+01 -1.442035594542496391e+01
-1.805960980004763172e+01 -1.805792661445685354e+01 -1.805792031073123383e+01 -1.805624964746240124e+01 -1.464049348071235279e+01 -1.463861104830832893e+01 -1.448861640872269341e+01 -1.448715665279891240e+01
-1.807584298129178890e+01 -1.807342493339483269e+01 -1.807341209415069727e+01 -1.807101950218171638e+01 -1.473044885073493049e+01 -1.472792194226988016e+01 -1.455753450172080754e+01 -1.455561512399498092e+01
-1.809415355728505048e+01 -1.809080310701653360e+01 -1.809077882176683971e+01 -1.808747641394526084e+01 -1.482258264620440436e+01 -1.481927087259524001e+01 -1.462818467771669795e+01 -1.462572275240487407e+01
-1.811459041397887049e+01 -1.811008077466799904e+01 -1.811003750481146923e+01 -1.810561324635526503e+01 -1.491688367656956338e+01 -1.491262578606949063e+01 -1.470056658531037108e+01 -1.469747140968240906e+01
-1.813720750565065387e+01 -1.813128008468053309e+01 -1.813120669596540324e+01 -1.812542366676752437e+01 -1.501333808892148802e+01 -1.500794905529262557e+01 -1.477468092521455567e+01 -1.477085343345236268e+01
-1.816206436587798834e+01 -1.815442584261721137e+01 -1.815430640618314939e+01 -1.814690209939897514e+01 -1.511192900298181740e+01 -1.510519674865382633e+01 -1.485052948096771352e+01 -1.484586161745357380e+01
-1.818922665957824591e+01 -1.817954568168020302e+01 -1.817935801005436502e+01 -1.817004368657654467e+01 -1.521263613030564343e+01 -1.520431785741850028e+01 -1.492811515431644054e+01 -1.492248920395198652e+01
-1.821876677401939304e+01 -1.820667025780026904e+01 -1.820638413904672248e+01 -1.819484425749582002e+01 -1.531543537736811089e+01 -1.530525348465944191e+01 -1.500744200513209847e+01 -1.500072987825611470e+01
-1.825076444385816998e+01 -1.823583347223075535e+01 -1.823540856207740291e+01 -1.822130030384162325e+01 -1.542029843185413363e+01 -1.540793600380323625e+01 -1.508851529567848004e+01 -1.508057776517267889e+01
-1.828530740121659903e+01 -1.826707272476715360e+01 -1.826645605297007791e+01 -1.824940896165016824e+01 -1.552719233107057306e+01 -1.551228819873777454e+01 -1.517134153896239113e+01 -1.516202742723539743e+01
-1.832249203626377465e+01 -1.830042920096598991e+01 -1.829955224455718721e+01 -1.827916799876706477e+01 -1.563607901095074837e+01 -1.561822240303211906e+01 -1.525592855079602472e+01 -1.524507386453843694e+01
-1.836242404636340453e+01 -1.833594819687151301e+01 -1.833472346938027187e+01 -1.831057580726339040e+01 -1.574691483370608225e+01 -1.572563966320614881e+01 -1.534228550505011768e+01 -1.532971251600037554e+01
-1.840521904225326111e+01 -1.837367948475144885e+01 -1.837199658722036588e+01 -1.834363140014242433e+01 -1.585965009185063579e+01 -1.583442896050337723e+01 -1.543042299139245799e+01 -1.541593926187782060e+01
-1.845100306767590226e+01 -1.841367772301146033e+01 -1.841139879999358442e+01 -1.837833441165978954e+01 -1.597422848624004743e+01 -1.594446653753217191e+01 -1.552035307456779378e+01 -1.550375042733804065e+01
-1.849991297434646143e+01 -1.845600291272051408e+01 -1.845295745488443373e+01 -1.841468510054761865e+01 -1.609058657606730591e+01 -1.605561539048548525e+01 -1.561208935397664277e+01 -1.559314278688660238e+01
-1.855209657747499818e+01 -1.850072090174530715e+01 -1.849669983696656672e+01 -1.845268435541254348e+01 -1.620865319971336405e+01 -1.616772500411811109e+01 -1.570564702194830531e+01 -1.568411356943455459e+01
-1.860771249926068549e+01 -1.854790393511867208e+01 -1.854265295295226679e+01 -1.849233370154508194e+01 -1.632834886727115276e+01 -1.628063142424931797e+01 -1.580104291866605415e+01 -1.577666046376652886e+01
-1.866692959081453296e+01 -1.859763124649048294e+01 -1.859084330810498642e+01 -1.853363530835282447e+01 -1.644958512888365121e+01 -1.639415777934780039e+01 -1.589829558118865194e+01 -1.587078162415903471e+01
-1.872992581006766954e+01 -1.864998967985567546e+01 -1.864129667873863738e+01 -1.857659199659723015e+01 -1.657226392830667905e+01 -1.650811537552160146e+01 -1.599742528341189640e+01 -1.596647567586514072e+01
-1.879688642910905472e+01 -1.870507432254576585e+01 -1.869403788308467895e+01 -1.862120724459783005e+01 -1.669627695898242692e+01 -1.662230549332293350e+01 -1.609845406314704874e+01 -1.606374172016403890e+01
-1.886800145508760451e+01 -1.876298911898791033e+01 -1.874909055361289845e+01 -1.866748519254338134e+01 -1.682150505115973971e+01 -1.673652200415516234e+01 -1.620140573175036280e+01 -1.620140573175009280e+01
-1.894346218103405377e+01 -1.882384741919980087e+01 -1.880647691413697231e+01 -1.871543064404544054e+01 -1.694781763397742580e+01 -1.685055489207188018e+01 -1.630630586096037504e+01 -1.626298859632358784e+01
-1.902345684251422142e+01 -1.888777239581804324e+01 -1.886621756518313475e+01 -1.876504906407741302e+01 -1.707507233657847934e+01 -1.696419470760594095e+01 -1.641318174081800407e+01 -1.636497004329733684e+01
-1.910816544540837114e+01 -1.895489723846765173e+01 -1.892833128115332286e+01 -1.881634657246098996e+01 -1.720311481735427606e+01 -1.707723789145790150e+01 -1.652206230180464175e+01 -1.652206230180447122e+01
-1.919775394549385794e+01 -1.902536500532735886e+01 -1.899283482274447010e+01 -1.886932993211263110e+01 -1.733177893956054305e+01 -1.718949279133552110e+01 -1.663297799373708585e+01 -1.663297799373684072e+01
-1.929236808908454748e+01 -1.909932798131547926e+01 -1.905974276789936184e+01 -1.892400653134234645e+01 -1.746088744221637512e+01 -1.730078606773576055e+01 -1.674596061358230159e+01 -1.674596061358202803e+01
-1.939212734334511623e+01 -1.917694636554211840e+01 -1.912906736424688248e+01 -1.898038435959917436e+01 -1.759025328231182073e+01 -1.741096906649656617e+01 -1.686104307433501859e+01 -1.686104307433462068e+01
-1.949711942601373238e+01 -1.925838609611188801e+01 -1.920081840556860442e+01 -1.903847197622374310e+01 -1.771968183928102647e+01 -1.751992365657440232e+01 -1.697825910757844525e+01 -1.697825910757812906e+01
-1.960739595867763541e+01 -1.934381563037311835e+01 -1.927500313429144185e+01 -1.909827847196228134e+01 -1.784897416311068596e+01 -1.762756701930637249e+01 -1.709764289349019251e+01 -1.709764289348958854e+01
-1.972296969747070605e+01 -1.943340154828512922e+01 -1.935162617139511454e+01 -1.915981342325447301e+01 -1.797793139827536635e+01 -1.773385494839477872e+01 -1.721922861396676296e+01 -1.721922861396632598e+01
-1.984381364177283302e+01 -1.952730294999606286e+01 -1.943068947445783579e+01 -1.922308683962864251e+01 -1.810636041267886753e+01 -1.783878337657975521e+01 -1.734304992739424023e+01 -1.734304992739375706e+01
-1.996986210950366569e+01 -1.962566478278645832e+01 -1.951219232386389990e+01 -1.928810910491108288e+01 -1.823408049706440792e+01 -1.794238806120087659e+01 -1.746913936737175987e+01 -1.746913936737141881e+01
-2.010101363895849502e+01 -1.972861044794748508e+01 -1.959613133650886141e+01 -1.935489091340423329e+01 -1.836093078524286781e+01 -1.804474259486334020e+01 -1.759752767241848304e+01 -1.759752767241803895e+01
-2.023713537870530743e+01 -1.983623427154461893e+01 -1.968250050568060061e+01 -1.942344320269426561e+01 -1.848677781231781836e+01 -1.814595511256406368e+01 -1.772824305911444398e+01 -1.772824305911388620e+01
-2.037806849608352167e+01 -1.994859461628907837e+01 -1.977129126521700897e+01 -1.949377708532882281e+01 -1.861152243495686420e+01 -1.824616420596389332e+01 -1.786131045696175690e+01 -1.786131045696124531e+01
-2.052363408843605797e+01 -2.006570849417419211e+01 -1.986249257551268244e+01 -1.956590378221233095e+01 -1.873510525535067828e+01 -1.834553461212029646e+01 -1.799675072896809169e+01 -1.799675072896777550e+01
-2.067363911421029599e+01 -2.018754845382348151e+01 -1.995609102859209116e+01 -1.963983456127179750e+01 -1.885750977618528168e+01 -1.844425322309378501e+01 -1.813457990695436450e+01 -1.813457990695408739e+01
-2.082788195170639156e+01 -2.031404224904715505e+01 -2.005207096914348952e+01 -1.971558068563367527e+01 -1.897876278123982630e+01 -1.854252588569270799e+01 -1.827480847415328569e+01 -1.827480847415314358e+01
-2.098615731276210994e+01 -2.044507539414915698e+01 -2.015041462829688612e+01 -1.979315337633277139e+01 -1.909893183701013086e+01 -1.864057535438832502e+01 -1.841744072917633090e+01 -1.841744072917617814e+01
-2.114826036037826640e+01 -2.058049627684786387e+01 -2.025110226686005888e+01 -1.987256379534440143e+01 -1.921812024513711492e+01 -1.873864064793893647e+01 -1.856247426432650371e+01 -1.856247426432629055e+01
-2.131398998428592151e+01 -2.072012314595659888e+01 -2.035411232482335109e+01 -1.995382305554868196e+01 -1.933646012887374255e+01 -1.883697795244876261e+01 -1.870989958733315817e+01 -1.870989958733305514e+01
-2.148315126713042389e+01 -2.086375210164710481e+01 -2.045942157409963613e+01 -2.003694226510604537e+01 -1.945410452578806471e+01 -1.893586310456951338e+01 -1.885969990895563697e+01 -1.885969990895561210e+01
-2.165555722458967125e+01 -2.101116521492120270e+01 -2.056700527173711279e+01 -2.012193261463372806e+01 -1.957121935980548955e+01 -1.903559555215778332e+01 -1.901185111005659323e+01 -1.901185111005647244e+01
-2.183102992880139581e+01 -2.116213805426926697e+01 -2.067683731113523393e+01 -2.020880551660346214e+01 -1.968797601401794495e+01 -1.916632189150004351e+01 -1.916632189149989429e+01 -1.913650347567069332e+01
-2.200940113179331448e+01 -2.131644613227766882e+01 -2.078889036916454813e+01 -2.029757280753873872e+01 -1.980454499063153762e+01 -1.932307409963234335e+01 -1.932307409963200229e+01 -1.923894938567014279e+01
-2.219051250037403733e+01 -2.147387003173750841e+01 -2.090313604745508158e+01 -2.038824702496229335e+01 -1.992109089740958083e+01 -1.948206321024230192e+01 -1.948206321024192178e+01 -1.934333489625426949e+01
-2.237421556151468849e+01 -2.163419917839552653e+01 -2.101954500651085667e+01 -2.048084177267502071e+01 -2.003776879219942586e+01 -1.964323894575777985e+01 -1.964323894575757024e+01 -1.945010244243033171e+01
-2.256037144165431130e+01 -2.179723437193273483e+01 -2.113808709166397648e+01 -2.057537218992591121e+01 -2.015472177256236108e+01 -1.980654599471457189e+01 -1.980654599471433031e+01 -1.955973053425716301e+01
-2.274885046732658722e+01 -2.196278926699088885e+01 -2.125873145023936672e+01 -2.067185554233054745e+01 -2.027207961723991758e+01 -1.997192479958630784e+01 -1.997192479958593481e+01 -1.967271815738898155e+01
-2.293953167962964201e+01 -2.213069102426980450e+01 -2.138144663960870062e+01 -2.077031195503639438e+01 -2.038995825797387340e+01 -2.013931237887030790e+01 -2.013931237887001302e+01 -1.978955417834796648e+01
-2.313230230215172867e+01 -2.230078034470329840e+01 -2.150620072609105549e+01 -2.087076531134132296e+01 -2.050845986725952486e+01 -2.030864315153796085e+01 -2.030864315153776900e+01 -1.991067061646913317e+01
-2.332705719127890021e+01 -2.247291107304325308e+01 -2.163296137488330828e+01 -2.097324434231035895e+01 -2.062767337438117110e+01 -2.047984973601931458e+01 -2.047984973601910497e+01 -2.003638526712769519e+01
-2.352369828927764317e+01 -2.264694952256608218e+01 -2.176169593139598746e+01 -2.107778393391126670e+01 -2.074767525681137670e+01 -2.065286370114342773e+01 -2.065286370114338510e+01 -2.065286370114328562e+01
