-1.809115466743465461e+01 -1.809115311511521185e+01 -1.809114713426205157e+01 -1.809114593732105192e+01
-1.809388908501544790e+01 -1.809386597684570930e+01 -1.809386009527132089e+01 -1.809383837274199891e+01
-1.809847445159729773e+01 -1.809839064215422866e+01 -1.809838485050971713e+01 -1.809830404779862434e+01
-1.810493412981886152e+01 -1.810473197636989440e+01 -1.810472612013201399e+01 -1.810452909545231392e+01
-1.811329472348461778e+01 -1.811289683284975638e+01 -1.811289049179036326e+01 -1.811250033949242777e+01
-1.812358566408813232e+01 -1.812289409614971447e+01 -1.812288639959263747e+01 -1.812220584274231783e+01
-1.813583944182853358e+01 -1.813473473845443706e+01 -1.813472409637919114e+01 -1.813363485152444099e+01
-1.815009191059057159e+01 -1.814843189036143656e+01 -1.814841561882652954e+01 -1.814677770813673163e+01
-1.816638263077057758e+01 -1.816400092717546855e+01 -1.816397474480528018e+01 -1.816162576903628079e+01
-1.818475524768712503e+01 -1.818145957214603925e+01 -1.818141694233518280e+01 -1.817817133262223805e+01
-1.820525790698775381e+01 -1.820082801836889530e+01 -1.820075930942484987e+01 -1.819640757673678877e+01
-1.822794370873763725e+01 -1.822212907140640681e+01 -1.822202050403681284e+01 -1.821632850537768178e+01
-1.825287120130573726e+01 -1.824538831504649750e+01 -1.824522066340632165e+01 -1.823792890399855793e+01
-1.828010491503949098e+01 -1.827063430300838220e+01 -1.827038131194450798e+01 -1.826120430275499373e+01
-1.830971593393595853e+01 -1.829789877982396717e+01 -1.829752525700529731e+01 -1.828615094705750010e+01
-1.834178250090792517e+01 -1.832721693455207301e+01 -1.832667647186857707e+01 -1.831276577479050971e+01
-1.837639064853830817e+01 -1.835862769139395567e+01 -1.835785996541075704e+01 -1.834104639955737426e+01
-1.841363484213357538e+01 -1.839217404163620273e+01 -1.839110163809927556e+01 -1.837099109929687302e+01
-1.845361861509372758e+01 -1.842790342157636729e+01 -1.842642812415137499e+01 -1.840259880960686445e+01
-1.849645516779691334e+01 -1.846586814109806696e+01 -1.846386661995382994e+01 -1.843586912108797904e+01
-1.854226789009279130e+01 -1.850612586718548158e+01 -1.850344469914206869e+01 -1.847080227999887470e+01
-1.859119075404281318e+01 -1.854874016569868544e+01 -1.854519011507419179e+01 -1.850739919148713142e+01
-1.864336850799128698e+01 -1.859378110284422903e+01 -1.858913059181868377e+01 -1.854566142463570344e+01
-1.869895658620558265e+01 -1.864132590454034144e+01 -1.863529360517194533e+01 -1.858559121853081209e+01
-1.875812063186445044e+01 -1.869145966669903558e+01 -1.868370615564237625e+01 -1.862719148853970452e+01
-1.882103551783617235e+01 -1.874427610157966839e+01 -1.873439453574826530e+01 -1.867046583195756071e+01
-1.888788374361526934e+01 -1.879987829386174880e+01 -1.878738409437246659e+01 -1.871541853217473417e+01
-1.895885309335092117e+01 -1.885837942389355604e+01 -1.884269900126472308e+01 -1.876205456050432474e+01
-1.903413346531287687e+01 -1.891990339364424045e+01 -1.890036201507641778e+01 -1.881037957482668332e+01
-1.911391283316603307e+01 -1.898458526251235412e+01 -1.896039425851364868e+01 -1.886039991423114159e+01
-1.919837237737552371e+01 -1.905257136546855534e+01 -1.902281500430311212e+01 -1.891212258889195752e+01
-1.928768092910379295e+01 -1.912401894695730675e+01 -1.908764147564914992e+01 -1.896555526449568774e+01
-1.938198898952113680e+01 -1.919909510542865760e+01 -1.915488866472150420e+01 -1.902070624065956039e+01
-1.948142270600665071e+01 -1.927797481457263018e+01 -1.922456917244173979e+01 -1.907758442294261414e+01
-1.958607827749189312e+01 -1.936083778290957724e+01 -1.929669307243755227e+01 -1.913619928826314975e+01
-1.969601729663479617e+01 -1.944786395294224590e+01 -1.937126780151649186e+01 -1.919656084380226346e+01
-1.981126349592394931e+01 -1.953922754571128806e+01 -1.944829807840437041e+01 -1.925867957980603151e+01
-1.993180124325094482e+01 -1.963508974099677573e+01 -1.952778585179867221e+01 -1.932256641708245226e+01
-2.005757594584384407e+01 -1.973559034364274467e+01 -1.960973027807013835e+01 -1.938823265045309441e+01
-2.018849630426208464e+01 -1.984083908696150900e+01 -1.969412772820227175e+01 -1.945568988993550263e+01
-2.032443815405057208e+01 -1.995090749263222207e+01 -1.978097182285052114e+01 -1.952495000201490782e+01
-2.046524948099962771e+01 -2.006582234661112096e+01 -1.987025349374625094e+01 -1.959602505400201977e+01
-2.061075612036160720e+01 -2.018556177658999573e+01 -1.996196106909916779e+01 -1.966892726515538570e+01
-2.076076765376778255e+01 -2.031005459889957976e+01 -2.005608038019334316e+01 -1.974366896897033996e+01
-2.091508308486449152e+01 -2.043918309848498893e+01 -2.015259488601872562e+01 -1.982026259178780947e+01
-2.107349598058315365e+01 -2.057278884846543221e+01 -2.025148581258136460e+01 -1.989872065365156928e+01
-2.123579888294408491e+01 -2.071068072364425561e+01 -2.035273230343817019e+01 -1.997905579813322419e+01
-2.140178690521909033e+01 -2.085264402968313746e+01 -2.045631157804701417e+01 -2.006128085866077626e+01
-2.157126051336725325e+01 -2.099844968522307909e+01 -2.056219909466963358e+01 -2.014540896973397821e+01
-2.174402755423156108e+01 -2.114786260422636133e+01 -2.067036871479786697e+01 -2.023145373229349531e+01
-2.191990462736994871e+01 -2.130064873280890225e+01 -2.078079286638774903e+01 -2.031942944347279223e+01
-2.209871791224235693e+01 -2.145658050365048908e+01 -2.089344270354458999e+01 -2.040935140199984588e+01
-2.228030356263102263e+01 -2.161544071846427428e+01 -2.100828826069133726e+01 -2.050123630163031763e+01
-2.246450777109913588e+01 -2.177702503022952385e+01 -2.112529859964860179e+01 -2.059510272618119231e+01
-2.265118659244149057e+01 -2.194114327666024167e+01 -2.124444194845135314e+01 -2.069097176084452627e+01
-2.284020559960907093e+01 -2.210761993444033990e+01 -2.136568583109637487e+01 -2.078886773529112730e+01
-2.303143943054771370e+01 -2.227629394323731304e+01 -2.148899718774655554e+01 -2.088881911416143922e+01
-2.322477127087330828e+01 -2.244701810891681504e+01 -2.161434248522930091e+01 -2.099085954905749318e+01
-2.342009230584481827e+01 -2.261965825039420253e+01 -2.174168781790457317e+01 -2.109502910173766210e+01
-2.361730116574003446e+01 -2.279409221218237391e+01 -2.187099899919970625e+01 -2.120137563867080388e+01
