-1.800057381233867204e+01 -1.800057154366443868e+01 -1.800057154366370327e+01 -1.800056927503613124e+01
-1.800230487662899037e+01 -1.800228669853007801e+01 -1.800228669848281271e+01 -1.800226852336423278e+01
-1.800520855293090605e+01 -1.800514703545509576e+01 -1.800514703491742452e+01 -1.800508555143963463e+01
-1.800930155860834958e+01 -1.800915516997902444e+01 -1.800915516696286289e+01 -1.800900896975354115e+01
-1.801460214904258450e+01 -1.801431475838711194e+01 -1.801431474690652834e+01 -1.801402808841058345e+01
-1.802113031957466305e+01 -1.802063049200462785e+01 -1.802063045781447670e+01 -1.802013282358484858e+01
-1.802890803132656927e+01 -1.802810808952440169e+01 -1.802810800358046350e+01 -1.802731361380670094e+01
-1.803795946387989346e+01 -1.803675428712052664e+01 -1.803675409631564364e+01 -1.803556134516561826e+01
-1.804831129814098745e+01 -1.804657682604807789e+01 -1.804657644082336532e+01 -1.804486728462766010e+01
-1.805999303306926507e+01 -1.805758443738302788e+01 -1.805758371585146449e+01 -1.805522302076563079e+01
-1.807303734028121767e+01 -1.806978682351138943e+01 -1.806978555178271151e+01 -1.806662041128174678e+01
-1.808748046082512673e+01 -1.808319463593878140e+01 -1.808319250438747972e+01 -1.807905153677497978e+01
-1.810336264861254207e+01 -1.809781944896272776e+01 -1.809781602423420210e+01 -1.809250866026853899e+01
-1.812072866501630486e+01 -1.811367372872250314e+01 -1.811366842133394783e+01 -1.810698419205785470e+01
-1.813962832891102295e+01 -1.813077079713604078e+01 -1.813076282458009558e+01 -1.812247065949319236e+01
-1.816011712578987058e+01 -1.814912479022471103e+01 -1.814911313554299355e+01 -1.813896068133399098e+01
-1.818225687838139848e+01 -1.816875061034809136e+01 -1.816873397619067987e+01 -1.815644694636164402e+01
-1.820611647910769548e+01 -1.818966387189464129e+01 -1.818964063012660759e+01 -1.817492219594261371e+01
-1.823177268149636987e+01 -1.821188084002303498e+01 -1.821184897697964900e+01 -1.819437921027972394e+01
-1.825931094280001332e+01 -1.823541836211598621e+01 -1.823537541963457542e+01 -1.821481079808856407e+01
-1.828882630309004753e+01 -1.826029379169145628e+01 -1.826023680407260841e+01 -1.823620978947079507e+01
-1.832042427636600834e+01 -1.828652490462804892e+01 -1.828645033168419687e+01 -1.825856903175945334e+01
-1.835422171608603747e+01 -1.831412980768536869e+01 -1.831403346403976329e+01 -1.828188138813560926e+01
-1.839034760041984029e+01 -1.834312683945609379e+01 -1.834300382023955223e+01 -1.830613973882372036e+01
-1.842894366111124782e+01 -1.837353446405397150e+01 -1.837337906712924607e+01 -1.833133698469061201e+01
-1.847016475438107719e+01 -1.840537115803377688e+01 -1.840517680284207103e+01 -1.835746605308421664e+01
-1.851417884411126380e+01 -1.843865529124059677e+01 -1.843841443432810578e+01 -1.838451990576547956e+01
-1.856116643961146195e+01 -1.847340500250926709e+01 -1.847310904973205226e+01 -1.841249154879681882e+01
-1.861131930790314115e+01 -1.850963807134676031e+01 -1.850927728669846672e+01 -1.844137404427428706e+01
-1.866483827184602262e+01 -1.854737178696002076e+01 -1.854693519788659017e+01 -1.847116052379782047e+01
-1.872192992146331036e+01 -1.858662281619932344e+01 -1.858609811518437382e+01 -1.850184420359880022e+01
-1.878280211878394113e+01 -1.862740707218140201e+01 -1.862678051428814285e+01 -1.853341840126542195e+01
-1.884765827684895712e+01 -1.866973958552977209e+01 -1.866899588147405353e+01 -1.856587655402116610e+01
-1.891669054459516985e+01 -1.871363438029542436e+01 -1.871275658449988555e+01 -1.859921223854557937e+01
-1.899007222102805770e+01 -1.875910435671475440e+01 -1.875807374965390295e+01 -1.863341919234954958e+01
-1.906794992597507843e+01 -1.880616118299357353e+01 -1.880495714698066223e+01 -1.866849133674939409e+01
-1.915043622449992711e+01 -1.885481519828427821e+01 -1.885341508567862334e+01 -1.870442280152343884e+01
-1.923760348312699264e+01 -1.890507532894044473e+01 -1.890345432155831418e+01 -1.874120795137507045e+01
-1.932947968368259239e+01 -1.895694901998173165e+01 -1.895507997828685376e+01 -1.877884141437839105e+01
-1.942604672107020036e+01 -1.901044218349899140e+01 -1.900829548391806867e+01 -1.881731811264042520e+01
-1.952724139484454824e+01 -1.906555916546679441e+01 -1.906310252393102544e+01 -1.885663329548968292e+01
-1.963295894061852920e+01 -1.912230273211893561e+01 -1.911950101166782190e+01 -1.889678257558294305e+01
-1.974305862224931829e+01 -1.918067407671119540e+01 -1.917748907671118985e+01 -1.893776196844092397e+01
-1.985737069116289533e+01 -1.924067284712505099e+01 -1.923706307135578797e+01 -1.897956793604895509e+01
-1.997570394884528255e+01 -1.930229719441261338e+01 -1.929821759494603839e+01 -1.902219743534641339e+01
-2.009785321244740075e+01 -1.936554384202323575e+01 -1.936094553547559372e+01 -1.906564797264246991e+01
-2.022360613979056154e+01 -1.943040817513405472e+01 -1.942523812749233514e+01 -1.910991766529602387e+01
-2.035274906559241259e+01 -1.949688434922486380e+01 -1.949108502503871776e+01 -1.915500531238851423e+01
-2.048507168916366439e+01 -1.956496541680746759e+01 -1.955847438809009731e+01 -1.920091047663335004e+01
-2.062037060571866931e+01 -1.963464347105733054e+01 -1.962739298074253114e+01 -1.924763358048453199e+01
-2.075845177727800817e+01 -1.970590980500077194e+01 -1.969782627925322060e+01 -1.929517602038200863e+01
-2.089913209689686724e+01 -1.977875508488100564e+01 -1.976975858794835617e+01 -1.934354030444360362e+01
-2.104224022102474478e+01 -1.985316953637494564e+01 -1.984317316099098250e+01 -1.939273022086512555e+01
-2.118761684075767704e+01 -1.992914314243676088e+01 -1.991805232802913395e+01 -1.944275104710149904e+01
-2.133511454415875619e+01 -2.000666585170938916e+01 -1.999437762183365308e+01 -1.949360981404225157e+01
-2.148459739676664171e+01 -2.008572779665243857e+01 -2.007212990616151416e+01 -1.954531564556972612e+01
-2.163594034128021448e+01 -2.016631952077338141e+01 -2.015128950223611781e+01 -1.959788020332930003e+01
-2.178902849331344882e+01 -2.024843221460276155e+01 -2.023183631243506753e+01 -1.965131828120817659e+01
-2.194375638953751917e+01 -2.033205796030185653e+01 -2.031374993996908884e+01 -1.970564861740303897e+01
-2.210002722784718543e+01 -2.041718998500795834e+01 -2.039700980355172888e+01 -1.976089503007561987e+01
